function Matrix = base_paramters

Matrix = [-0.01,-1.50,0.15,6.50,210.00,7.00,0.70,0.00,0.00,0.00,0.00,0.00,0.00,4.00,0.00,1.00,10.00,0.00,10.00; ...
    0.01, 0.04,0.07,0.14,0.25,0.38,0.51,0.85,1.20,1.90,3.00,3.50,0.00,0.00,0.00,0.00,0.00,0.00,0.00 ; ...
    0.5,1.0,1.0,1.0,1.0,1.20,1.20,1.20,1.20,1.20,1.20,1.30,1.30,1.40,1.60,0.00,0.00,0.00,0.00 ; ...
    -1.00,-1.00,-1.00,-1.00,-1.00,-1.00,-1.00,-1.00,-1.00,-1.00,-1.00,-1.00,-1.00,-1.00,-1.00,-1.00,-1.00,-1.00,-1.00 ; ...
    -1.00,-1.00,-1.00,-1.00,-1.00,-1.00,-1.00,-1.00,-1.00,-1.00,-1.00,-1.00,-1.00,-1.00,-1.00,-1.00,-1.00,-1.00,-1.00 ; ...
    -1.00,-1.00,-1.00,-1.00,-1.00,-1.00,-1.00,-1.00,-1.00,-1.00,-1.00,-1.00,-1.00,-1.00,-1.00,-1.00,-1.00,-1.00,-1.00 ; ...
    -1.00,-1.00,-1.00,-1.00,-1.00,-1.00,-1.00,-1.00,-1.00,-1.00,-1.00,-1.00,-1.00,-1.00,-1.00,-1.00,-1.00,-1.00,-1.00 ; ...
    320.00,320.00,320.00,330.00,320.00,320.00,320.00,120.00,100.00,170.00,170.00,800.00,0.00,0.00,0.00,0.00,0.00,0.00,0.00 ; ...
    280.00,280.00,280.00,180.00,180.00,180.00,190.00,190.00,190.00,190.00,190.00,160.00,0.00,0.00,0.00,0.00,0.00,0.00,0.00 ; ...
    0.00,0.00,0.00,0.00,0.00,0.00,0.00,0.00,0.00,0.00,0.00,0.00,0.00,0.00,0.00,0.00,0.00,0.00,0.00 ; ...
    0.00,0.00,0.00,0.00,0.00,0.00,0.00,0.00,0.00,0.00,0.00,0.00,0.00,0.00,0.00,0.00,0.00,0.00,0.00 ; ...
    5.77,5.77,5.77,5.77,5.77,5.77,5.80,5.80,5.80,5.80,5.80,4.35,4.35,4.35,4.35,0.00,0.00,0.00,0.00 ; ...
    30.00,30.00,30.00,30.00,30.00,30.00,30.00,30.00,30.00,30.00,30.00,1.00,0.00,0.00,0.00,0.00,0.00,0.00,0.00 ; ...
    1.00,1.00,1.00,1.00,1.00,1.00,1.00,1.00,1.00,1.00,1.00,1.00,0.00,0.00,0.00,0.00,0.00,0.00,0.00 ; ...
    24.36,24.36,24.36,24.36,24.36,24.36,16.48,16.48,18.08,18.08,14.62,1.00,0.00,0.00,0.00,0.00,0.00,0.00,0.00 ; ...
    2.00,2.00,2.00,2.00,1.00,0.20,0.10,0.00,0.00,0.00,0.00,0.00,0.00,0.00,0.00,0.00,0.00,0.00,0.00 ; ...
    -1.00,-1.00,-1.00,-1.00,-1.00,-1.00,-1.00,-1.00,-1.00,-1.00,-1.00,-1.00,-1.00,-1.00,-1.00,-1.00,-1.00,-1.00,-1.00 ; ...
    -1.00,-1.00,-1.00,-1.00,-1.00,-1.00,-1.00,-1.00,-1.00,-1.00,-1.00,-1.00,-1.00,-1.00,-1.00,-1.00,-1.00,-1.00,-1.00 ; ...
    1.00,1.00,1.00,1.00,1.00,1.00,1.00,1.00,1.00,1.00,1.00,1.00,0.00,0.00,0.00,0.00,0.00,0.00,0.00 ; ...
    10.00,10.00,10.00,0.00,0.00,0.00,0.00,0.00,0.00,0.00,0.00,0.00,0.00,0.00,0.00,0.00,0.00,0.00,0.00 ; ...
    5.00,5.00,5.00,5.00,5.00,5.00,5.00,5.00,5.00,5.00,5.00,5.00,0.00,0.00,0.00,0.00,0.00,0.00,0.00 ; ...
    -1.00,-1.00,-1.00,-1.00,-1.00,-1.00,-1.00,-1.00,-1.00,-1.00,-1.00,-1.00,-1.00,-1.00,-1.00,-1.00,-1.00,-1.00,0.00 ; ...
    -1.00,-1.00,-1.00,-1.00,-1.00,-1.00,-1.00,-1.00,-1.00,-1.00,-1.00,-1.00,-1.00,-1.00,-1.00,-1.00,-1.00,-1.00,0.00 ; ...
    40.00,40.00,40.00,40.00,40.00,40.00,40.00,40.00,40.00,40.00,40.00,40.00,0.00,0.00,0.00,0.00,0.00,0.00,0.00 ; ...
    15.50,15.50,15.50,48.00,48.00,48.00,48.00,48.00,48.00,48.00,48.00,48.00,0.00,0.00,0.00,0.00,0.00,0.00,0.00 ; ...
    10.40,10.40,10.40,0.02,0.02,0.02,0.02,0.02,0.02,0.02,0.02,0.02,0.00,0.00,0.00,0.00,0.00,0.00,0.00 ; ...
    33.60,33.60,33.60,39.00,39.00,39.00,39.00,39.00,39.00,39.00,39.00,39.00,0.00,0.00,0.00,0.00,0.00,0.00,0.00 ; ...
    9.30,9.30,9.30,48.00,48.00,48.00,48.00,48.00,48.00,48.00,48.00,48.00,0.00,0.00,0.00,0.00,0.00,0.00,0.00 ; ...
    7.91,7.91,7.91,7.10,7.10,7.10,7.10,7.10,7.10,7.10,7.10,7.10,0.00,0.00,0.00,0.00,0.00,0.00,0.00 ; ...
    100.00,100.00,100.00,100.00,100.00,100.00,100.00,100.00,100.00,100.00,100.00,100.00,0.00,0.00,0.00,0.00,0.00,0.00,0.00 ; ...
    0.00,0.00,0.00,0.00,0.00,0.00,0.00,0.00,0.00,0.00,0.00,0.00,0.00,0.00,0.00,0.00,0.00,0.00,0.00 ; ...
    0.00,0.00,0.00,0.00,0.00,0.00,0.00,0.00,0.00,0.00,0.00,0.00,0.00,0.00,0.00,0.00,0.00,0.00,0.00 ; ...
    100.00,100.00,100.00,100.00,100.00,100.00,100.00,100.00,100.00,100.00,100.00,100.00,0.00,0.00,0.00,0.00,0.00,0.00,0.00 ; ...
    100.00,100.00,100.00,100.00,100.00,100.00,100.00,100.00,100.00,100.00,100.00,100.00,0.00,0.00,0.00,0.00,0.00,0.00,0.00 ; ...
    0.00,0.00,0.00,0.00,0.00,0.00,0.00,0.00,0.00,0.00,0.00,0.00,0.00,0.00,0.00,0.00,0.00,0.00,0.00 ; ...
    100.00,100.00,100.00,100.00,100.00,100.00,100.00,100.00,100.00,100.00,100.00,100.00,0.00,0.00,0.00,0.00,0.00,0.00,0.00 ; ...
    0.00,0.00,0.00,0.00,0.00,0.00,0.00,0.00,0.00,0.00,0.00,0.00,0.00,0.00,0.00,0.00,0.00,0.00,0.00 ; ...
    0.50,0.50,0.50,0.50,0.50,0.50,0.50,0.50,0.50,0.50,0.50,0.50,0.00,0.00,0.00,0.00,0.00,0.00,0.00 ; ...
    0.25,0.25,0.25,0.25,0.25,0.25,0.25,0.25,0.25,0.25,0.25,0.25,0.00,0.00,0.00,0.00,0.00,0.00,0.00 ; ...
    0.25,0.25,0.25,0.25,0.25,0.25,0.25,0.25,0.25,0.25,0.25,0.25,0.00,0.00,0.00,0.00,0.00,0.00,0.00 ; ...
    0.60,0.60,0.60,0.60,0.60,0.60,0.60,0.60,0.60,0.60,0.60,0.60,0.00,0.00,0.00,0.00,0.00,0.00,0.00 ; ...
    0.16,0.16,0.16,0.16,0.16,0.16,0.16,0.16,0.16,0.16,0.16,0.16,0.00,0.00,0.00,0.00,0.00,0.00,0.00 ; ...
    3.00,3.00,3.00,3.00,3.00,3.00,3.00,3.00,3.00,3.00,3.00,3.00,0.00,0.00,0.00,0.00,0.00,0.00,0.00 ; ...
    1.00,1.00,1.00,1.00,1.00,1.00,1.00,1.00,1.00,1.00,1.00,1.00,0.00,0.00,0.00,0.00,0.00,0.00,0.00 ; ...
    1.00,1.00,1.00,1.00,1.00,1.00,1.00,1.00,2.00,2.00,2.00,2.00,0.00,0.00,0.00,0.00,0.00,0.00,0.00 ; ...
    120.00,240.00,240.00,240.00,120.00,120.00,60.00,60.00,30.00,30.00,30.00,0.00,0.00,0.00,0.00,0.00,0.00,0.00,0.00 ; ...
    4.00,8.00,8.00,8.00,4.00,4.00,2.00,2.00,1.00,1.00,1.00,0.00,0.00,0.00,0.00,0.00,0.00,0.00,0.00 ; ...
    0.50,1.00,1.00,1.00,0.50,0.50,0.25,0.25,0.12,0.12,0.12,0.00,0.00,0.00,0.00,0.00,0.00,0.00,0.00 ; ...
    0.00,0.00,0.00,0.00,0.00,0.00,0.00,0.00,0.00,0.00,0.00,0.00,0.00,0.00,0.00,0.00,0.00,0.00,0.00 ; ...
    0.00,0.00,0.00,0.00,0.00,0.00,0.00,0.00,0.00,0.00,0.00,0.00,0.00,0.00,0.00,0.00,0.00,0.00,0.00 ; ...
    0.00,0.00,0.00,0.00,0.00,0.00,0.00,0.00,0.00,0.00,0.00,0.00,0.00,0.00,0.00,0.00,0.00,0.00,0.00 ; ...
    0.00,0.00,0.00,0.00,0.00,0.00,0.00,0.00,0.00,0.00,0.00,0.00,0.00,0.00,0.00,0.00,0.00,0.00,0.00 ; ...
    0.00,0.00,0.00,0.00,0.00,0.00,0.00,0.00,0.00,0.00,0.00,0.00,0.00,0.00,0.00,0.00,0.00,0.00,0.00 ; ...
    0.00,0.00,0.00,0.00,0.00,0.00,0.00,0.00,0.00,0.00,0.00,0.00,0.00,0.00,0.00,0.00,0.00,0.00,0.00];

end